0050
0051
0052
0056
0061
006205
006208
00631L
00632R
00633L
00635U
00636
00637L
00639
00640L
00641R
00642U
00643
00645
00646
00647L
00648R
00650L
00652
00653L
00655L
00661
00662
00663L
00664R
00665L
00668
00669R
00670L
00671R
00673R
00674R
00675L
00676R
00678
00679B
00680L
00685L
00686R
00687B
00688L
00690
00692
00693U
00694B
00695B
00696B
00697B
00700
00701
00706L
00708L
00712
00713
00714
00715L
00719B
00720B
00722B
00724B
00725B
00726B
00727B
00728
00730
00731
00733
00734B
00735
00737
00738U
00740B
00741B
00746B
00751B
00752
00753L
00756B
00757
00758B
00759B
00760B
00761B
00762
00763U
00764B
00768B
00770
00772B
00773B
00779B
00789B
00790B
00791B
00795B
00799B
00830
00847B
00848B
00849B
00850
00852L
00853B
00857B
00858
00859B
00862B
00863B
00864B
00865B
00867B
00876
00877
00878
00881
00882
00883B
00884B
00885
00887
00888
00890B
00891
00892
00893
00894
00895
00896
00900
00901
00902
00903
00904
00905
00907
00908
00909
00910
00911
00912
00915
00916
00917
00918
00919
00921
00922
00923
00924
00926
00927
00928
00929
00930
00931B
00932
00933B
00934
00935
00936
00937B
00938
00939
00940
00941
00942B
00943
00944
00945B
00946
00947
00948B
00949
00950B
00951
00952
00953B
00954
00955
00956
00957B
00958B
00959B
00960
00961
00963
00964
1101
1102
1104
1210
1215
1216
1217
1218
1225
1227
1229
1231
1232
1295
1301
1303
1304
1305
1307
1308
1309
1310
1312
1313
1314
1316
1319
1321
1325
1326
1342
1402
1409
1414
1419
1434
1436
1440
1442
1446
1449
1464
1473
1476
1477
1503
1504
1513
1514
1515
1519
1522
1524
1527
1528
1529
1532
1536
1537
1540
1558
1560
1563
1565
1569
1580
1582
1584
1587
1589
1590
1591
1595
1597
1598
1603
1605
1608
1609
1611
1612
1616
1618
1702
1707
1708
1709
1710
1711
1712
1713
1714
1717
1718
1720
1721
1722
1723
1727
1732
1733
1734
1736
1760
1773
1784
1785
1786
1789
1795
1799
1802
1806
1808
1809
1810
1815
1903
1904
1905
1907
1909
2002
2006
2009
2010
2014
2015
2020
2023
2027
2031
2034
2038
2049
2059
2062
2066
2070
2101
2102
2103
2104
2105
2106
2108
2201
2204
2206
2207
2208
2211
2228
2230
2231
2233
2236
2241
2247
2250
2258
2301
2302
2303
2305
2308
2312
2313
2314
2316
2317
2323
2324
2327
2328
2329
2330
2331
2332
2337
2338
2340
2342
2344
2345
2347
2348
2349
2351
2352
2353
2354
2355
2356
2357
2359
2360
2362
2363
2364
2365
2367
2368
2369
2371
2374
2375
2376
2377
2379
2382
2383
2385
2387
2388
2392
2393
2395
2397
2399
2401
2402
2404
2405
2406
2408
2409
2412
2413
2414
2417
2419
2420
2421
2423
2425
2426
2427
2428
2429
2431
2436
2439
2441
2442
2449
2451
2453
2454
2455
2457
2458
2462
2464
2465
2466
2467
2468
2471
2472
2474
2476
2477
2478
2480
2481
2484
2485
2486
2488
2489
2492
2493
2495
2497
2498
2501
2504
2511
2515
2516
2520
2524
2527
2528
2530
2534
2535
2536
2537
2539
2540
2542
2543
2545
2546
2547
2548
2597
2601
2603
2605
2606
2607
2609
2610
2611
2612
2613
2614
2615
2617
2618
2630
2633
2634
2636
2637
2641
2645
2646
2707
2718
2723
2727
2731
2743
2745
2748
2753
2755
2801
2809
2812
2820
2832
2834
2836
2838
2845
2850
2851
2852
2855
2867
2880
2881
2882
2883
2883B
2884
2885
2886
2887
2888
2889
2890
2891
2892
2897
2903
2905
2908
2912
2913
2915
3003
3004
3005
3006
3008
3010
3011
3013
3014
3015
3016
3017
3019
3022
3023
3024
3025
3026
3027
3028
3029
3030
3031
3032
3033
3034
3035
3036
3037
3038
3040
3041
3042
3044
3045
3046
3047
3048
3049
3050
3051
3052
3055
3056
3058
3059
3060
3062
3073
3078
3081
3086
3088
3090
3105
3128
3130
3131
3138
3141
3147
3149
3152
3162
3163
3167
3169
3188
3189
3205
3207
3209
3211
3213
3217
3218
3219
3227
3228
3230
3231
3234
3257
3260
3264
3265
3287
3289
3290
3293
3294
3297
3303
3305
3306
3312
3317
3323
3324
3338
3339
3346
3356
3357
3362
3363
3374
3376
3379
3380
3402
3406
3413
3416
3430
3434
3437
3443
3444
3447
3450
3454
3455
3466
3479
3481
3483
3484
3490
3491
3498
3501
3504
3511
3515
3518
3526
3528
3529
3530
3532
3533
3535
3537
3540
3545
3546
3548
3551
3552
3557
3558
3563
3564
3570
3576
3577
3580
3581
3583
3587
3588
3591
3592
3594
3596
3597
3605
3609
3611
3615
3617
3622
3624
3625
3630
3645
3653
3661
3663
3665
3673
3675
3679
3680
3687
3689
3691
3693
3694
3701
3702
3702A
3703
3704
3705
3706
3707
3708
3709
3710
3711
3712
3714
3715
4104
4105
4107
4111
4113
4114
4119
4123
4128
4129
4137
4142
4147
4157
4162
4164
4167
4174
4303
4306
4417
4438
4441
4503
4506
4510
4513
4523
4526
4532
4533
4534
4536
4540
4541
4542
4545
4549
4551
4555
4557
4560
4561
4562
4563
4564
4566
4569
4571
4572
4576
4577
4583
4585
4714
4716
4720
4721
4722
4726
4728
4729
4736
4739
4743
4746
4749
4755
4760
4763
4766
4768
4770
4771
4772
4903
4904
4906
4908
4909
4912
4915
4916
4919
4927
4931
4933
4934
4938
4946
4949
4951
4952
4953
4956
4958
4960
4961
4966
4967
4968
4971
4973
4974
4976
4977
4979
4991
5009
5201
5202
5203
5209
5210
5213
5222
5225
5234
5236
5243
5244
5251
5258
5263
5269
5274
5278
5283
5284
5285
5288
5289
5292
5306
5309
5312
5314
5315
5328
5340
5347
5351
5371
5381
5386
5388
5392
5403
5410
5425
5426
5432
5434
5438
5439
5443
5452
5457
5465
5469
5471
5474
5475
5478
5481
5483
5484
5490
5493
5498
5508
5511
5512
5515
5519
5521
5522
5530
5531
5534
5536
5607
5608
5609
5706
5864
5871
5876
5880
5903
5904
5905
6005
6016
6023
6024
6026
6101
6104
6111
6112
6113
6116
6117
6120
6121
6122
6125
6126
6127
6133
6134
6138
6139
6140
6141
6143
6146
6147
6148
6150
6151
6153
6156
6160
6163
6165
6166
6168
6170
6173
6175
6176
6177
6179
6180
6182
6186
6187
6188
6189
6190
6191
6192
6196
6197
6199
6202
6203
6204
6205
6206
6207
6209
6213
6214
6215
6216
6217
6219
6221
6223
6224
6227
6230
6231
6234
6235
6237
6239
6244
6245
6257
6261
6263
6266
6269
6271
6274
6275
6278
6279
6282
6283
6284
6285
6288
6290
6291
6405
6409
6411
6412
6414
6415
6416
6425
6426
6435
6438
6442
6443
6446
6449
6451
6456
6457
6462
6469
6470
6472
6477
6485
6488
6491
6492
6498
6499
6505
6509
6510
6515
6517
6523
6525
6526
6530
6531
6532
6533
6535
6538
6541
6546
6547
6548
6550
6558
6561
6568
6569
6576
6579
6584
6585
6589
6591
6592
6593
6596
6603
6605
6609
6613
6617
6625
6640
6643
6649
6651
6657
6658
6664
6667
6668
6669
6670
6672
6679
6683
6684
6689
6690
6691
6693
6695
6698
6703
6706
6712
6715
6719
6720
6727
6728
6732
6739
6741
6742
6743
6752
6753
6756
6757
6761
6763
6768
6770
6781
6782
6785
6788
6789
6791
6799
6803
6805
6806
6811
6829
6830
6835
6838
6841
6854
6859
6862
6863
6869
6870
6873
6877
6885
6890
6895
6901
6903
6906
6909
6913
6914
6918
6919
6922
6923
6925
6928
6933
6937
6944
6949
6957
6982
6994
6996
7402
7556
7610
7703
7712
7714
7721
7722
7723
7728
7734
7738
7740
7750
7751
7765
7786
8011
8016
8021
8027
8028
8032
8033
8038
8039
8040
8042
8043
8044
8045
8046
8050
8054
8059
8064
8069
8070
8071
8072
8076
8081
8083
8085
8086
8088
8089
8091
8096
8097
8099
8103
8104
8105
8110
8111
8112
8114
8121
8131
8147
8150
8155
8163
8171
8183
8210
8213
8215
8222
8227
8234
8240
8249
8255
8261
8271
8299
8341
8349
8358
8374
8383
8390
8404
8415
8422
8431
8436
8442
8446
8454
8462
8464
8467
8473
8478
8489
8499
8924
8926
8927
8932
8936
8937
8938
8942
8996
9105
9802
9904
9906
9907
9910
9911
9914
9917
9919
9921
9924
9927
9930
9933
9934
9935
9938
9939
9940
9941
9942
9945
9955
9958